 0.9 0.81
 0.19 0.0361
 0.43 0.1849
 0.86 0.7396
 0.21 0.0441
 0.86 0.7396
 0.73 0.5329
 0.5 0.25
 0.16 0.0256
 0.24 0.0576
 0.52 0.2704
 0.36 0.1296
 0.93 0.8649
 0.13 0.0169
 0.87 0.7569
 0.72 0.5184
 0.58 0.3364
 0.62 0.3844
 0.17 0.0289
 0.76 0.5776
 0.2 0.04
 0.94 0.8836
 0.24 0.0576
 0.17 0.0289
 0.64 0.4096
 0.6 0.36
 0.54 0.2916
 0.66 0.4356
 0.77 0.5929
 0.74 0.5476
 0.11 0.0121
 0.49 0.2401
 0.25 0.0625
 0.29 0.0841
 0.81 0.6561
 0.18 0.0324
 0.65 0.4225
 0.59 0.3481
 0.5 0.25
 0.41 0.1681
 0.3 0.09
 0.76 0.5776
 0.44 0.1936
 0.4 0.16
 0.35 0.1225
 0.8 0.64
 0.48 0.2304
 0.85 0.7225
 0.96 0.9216
 0.24 0.0576
 0.25 0.0625
 0.43 0.1849
 0.18 0.0324
 0.87 0.7569
 0.11 0.0121
 0.89 0.7921
 0.83 0.6889
 0.5 0.25
 0.1 0.01
 0.18 0.0324
 0.74 0.5476
 0.76 0.5776
 0.64 0.4096
 0.24 0.0576
 0.97 0.9409
 0.9 0.81
 0.25 0.0625
 0.95 0.9025
 0.71 0.5041
 0.96 0.9216
 0.27 0.0729
 0.58 0.3364
 0.46 0.2116
 0.98 0.9604
 0.28 0.0784
 0.24 0.0576
 0.67 0.4489
 0.67 0.4489
 0.41 0.1681
 0.13 0.0169
 0.32 0.1024
 0.73 0.5329
 0.32 0.1024
 0.99 0.9801
 0.15 0.0225
 0.78 0.6084
 0.52 0.2704
 0.84 0.7056
 0.89 0.7921
 0.1 0.01
 0.74 0.5476
 0.55 0.3025
 0.64 0.4096
 0.59 0.3481
 0.15 0.0225
 0.6 0.36
 0.62 0.3844
 0.2 0.04
 0.48 0.2304
 0.5 0.25
 0.86 0.7396
 0.23 0.0529
 0.48 0.2304
 1.0 1.0
 0.8 0.64
 0.97 0.9409
 0.47 0.2209
 0.56 0.3136
 0.31 0.0961
 0.98 0.9604
 0.12 0.0144
 0.92 0.8464
 0.51 0.2601
 0.52 0.2704
 1.0 1.0
 0.93 0.8649
 0.26 0.0676
 0.73 0.5329
 0.27 0.0729
 0.76 0.5776
 0.52 0.2704
 0.78 0.6084
 0.84 0.7056
 0.35 0.1225
 0.24 0.0576
 1.0 1.0
 0.68 0.4624
 0.65 0.4225
 0.38 0.1444
 0.4 0.16
 0.27 0.0729
 0.67 0.4489
 0.67 0.4489
 0.74 0.5476
 0.55 0.3025
 0.67 0.4489
 0.51 0.2601
 0.59 0.3481
 0.36 0.1296
 0.9 0.81
 0.84 0.7056
 0.84 0.7056
 0.22 0.0484
 0.3 0.09
 0.14 0.0196
 0.25 0.0625
 0.99 0.9801
 0.42 0.1764
 0.62 0.3844
 0.19 0.0361
 0.2 0.04
 0.38 0.1444
 0.95 0.9025
 0.77 0.5929
 0.51 0.2601
 0.69 0.4761
 0.8 0.64
 0.93 0.8649
 0.84 0.7056
 0.81 0.6561
 0.53 0.2809
 0.52 0.2704
 0.67 0.4489
 0.27 0.0729
 0.35 0.1225
 0.73 0.5329
 0.87 0.7569
 0.8 0.64
 0.55 0.3025
 0.39 0.1521
 0.62 0.3844
 0.68 0.4624
 0.59 0.3481
 0.61 0.3721
 0.46 0.2116
 1.0 1.0
 0.82 0.6724
 0.31 0.0961
 0.62 0.3844
 0.87 0.7569
 0.96 0.9216
 0.46 0.2116
 0.32 0.1024
 0.59 0.3481
 0.26 0.0676
 0.85 0.7225
 0.17 0.0289
 0.48 0.2304
 0.61 0.3721
 0.11 0.0121
 0.91 0.8281
 0.37 0.1369
 0.51 0.2601
 0.23 0.0529
 0.87 0.7569
 0.48 0.2304
 0.32 0.1024
 0.59 0.3481
 0.72 0.5184
 0.13 0.0169
 0.45 0.2025
 0.34 0.1156
 0.44 0.1936
 0.71 0.5041
 0.36 0.1296
 0.88 0.7744
 0.34 0.1156
 0.7 0.49
 0.19 0.0361
 0.26 0.0676
 0.3 0.09
 0.17 0.0289
 0.68 0.4624
 0.93 0.8649
 0.98 0.9604
 0.62 0.3844
 0.53 0.2809
 0.77 0.5929
 0.61 0.3721
 0.12 0.0144
 0.82 0.6724
 0.66 0.4356
 0.1 0.01
 0.54 0.2916
 0.68 0.4624
 0.43 0.1849
 0.34 0.1156
 0.83 0.6889
 0.88 0.7744
 0.66 0.4356
 0.73 0.5329
 0.62 0.3844
 0.91 0.8281
 0.62 0.3844
 0.34 0.1156
 0.72 0.5184
 0.96 0.9216
 0.52 0.2704
 0.69 0.4761
 0.96 0.9216
 0.28 0.0784
 0.44 0.1936
 0.92 0.8464
 0.75 0.5625
 0.68 0.4624
 0.48 0.2304
 0.35 0.1225
 0.61 0.3721
 0.52 0.2704
 0.84 0.7056
 0.52 0.2704
 0.27 0.0729
 0.23 0.0529
 0.42 0.1764
 0.7 0.49
 0.51 0.2601
 0.9 0.81
 0.56 0.3136
 0.47 0.2209
 0.83 0.6889
 0.36 0.1296
 0.61 0.3721
 0.61 0.3721
 0.35 0.1225
 0.97 0.9409
 0.61 0.3721
 0.91 0.8281
 0.52 0.2704
 0.73 0.5329
 0.92 0.8464
 0.5 0.25
 0.1 0.01
 0.44 0.1936
 0.48 0.2304
 0.2 0.04
 0.95 0.9025
 0.29 0.0841
 0.63 0.3969
 0.26 0.0676
 0.1 0.01
 0.96 0.9216
 0.88 0.7744
 0.87 0.7569
 0.27 0.0729
 0.35 0.1225
 0.96 0.9216
 0.88 0.7744
 0.89 0.7921
 0.38 0.1444
 0.16 0.0256
 0.3 0.09
 0.51 0.2601
 0.53 0.2809
 0.94 0.8836
 0.45 0.2025
 0.23 0.0529
 0.32 0.1024
 0.32 0.1024
 0.47 0.2209
 0.64 0.4096
 0.34 0.1156
 0.77 0.5929
 0.24 0.0576
 0.79 0.6241
 0.82 0.6724
 0.89 0.7921
 0.64 0.4096
 0.84 0.7056
 0.71 0.5041
 0.56 0.3136
 0.96 0.9216
 0.23 0.0529
 0.19 0.0361
 0.83 0.6889
 0.78 0.6084
 0.97 0.9409
 0.99 0.9801
 0.43 0.1849
 0.72 0.5184
 0.58 0.3364
 0.52 0.2704
 0.8 0.64
 0.44 0.1936
 0.91 0.8281
 0.39 0.1521
 0.9 0.81
 0.63 0.3969
 0.22 0.0484
 0.95 0.9025
 0.71 0.5041
 0.74 0.5476
 0.11 0.0121
 0.83 0.6889
 0.23 0.0529
 0.95 0.9025
 0.43 0.1849
 0.71 0.5041
 0.43 0.1849
 0.21 0.0441
 0.3 0.09
 0.74 0.5476
 0.19 0.0361
 0.56 0.3136
 0.52 0.2704
 0.5 0.25
 0.63 0.3969
 0.18 0.0324
 0.39 0.1521
 0.16 0.0256
 0.91 0.8281
 0.66 0.4356
 0.22 0.0484
 0.36 0.1296
 0.33 0.1089
 0.97 0.9409
 0.85 0.7225
 0.68 0.4624
 0.53 0.2809
 0.9 0.81
 0.42 0.1764
 0.61 0.3721
 0.87 0.7569
 0.14 0.0196
 0.41 0.1681
 0.16 0.0256
 0.6 0.36
 0.48 0.2304
 0.79 0.6241
 0.1 0.01
 0.14 0.0196
 0.67 0.4489
 0.9 0.81
 0.77 0.5929
 0.61 0.3721
 0.64 0.4096
 0.55 0.3025
 0.93 0.8649
 0.38 0.1444
 0.63 0.3969
 0.39 0.1521
 0.12 0.0144
 0.44 0.1936
 0.55 0.3025
 0.17 0.0289
 0.63 0.3969
 0.9 0.81
 0.11 0.0121
 0.2 0.04
 0.59 0.3481
 0.21 0.0441
 0.94 0.8836
 0.92 0.8464
 0.51 0.2601
 0.81 0.6561
 0.12 0.0144
 0.63 0.3969
 0.13 0.0169
 0.7 0.49
 0.33 0.1089
 0.18 0.0324
 0.96 0.9216
 0.63 0.3969
 0.74 0.5476
 0.73 0.5329
 0.3 0.09
 0.31 0.0961
 0.87 0.7569
 0.97 0.9409
 0.43 0.1849
 0.92 0.8464
 0.65 0.4225
 0.59 0.3481
 0.11 0.0121
 0.2 0.04
 0.77 0.5929
 0.84 0.7056
 0.11 0.0121
 0.81 0.6561
 0.76 0.5776
 0.89 0.7921
 0.64 0.4096
 0.93 0.8649
 0.39 0.1521
 0.61 0.3721
 0.31 0.0961
 0.24 0.0576
 0.22 0.0484
 0.69 0.4761
 0.98 0.9604
 0.99 0.9801
 0.42 0.1764
 0.16 0.0256
 0.64 0.4096
 0.83 0.6889
 0.66 0.4356
 0.38 0.1444
 0.49 0.2401
 0.41 0.1681
 0.17 0.0289
 0.51 0.2601
 0.13 0.0169
 0.26 0.0676
 0.57 0.3249
 0.83 0.6889
 0.59 0.3481
 0.54 0.2916
 0.99 0.9801
 0.14 0.0196
 0.87 0.7569
 0.26 0.0676
 0.16 0.0256
 0.84 0.7056
 0.17 0.0289
 0.35 0.1225
 0.3 0.09
 0.62 0.3844
 0.18 0.0324
 0.62 0.3844
 0.68 0.4624
 0.83 0.6889
 0.42 0.1764
 0.9 0.81
 1.0 1.0
 0.74 0.5476
 0.19 0.0361
 0.57 0.3249
 0.87 0.7569
 0.67 0.4489
 0.66 0.4356
 0.7 0.49
 0.67 0.4489
 0.73 0.5329
 0.22 0.0484
 0.57 0.3249
 0.57 0.3249
 0.29 0.0841
 1.0 1.0
 0.74 0.5476
 0.7 0.49
 0.61 0.3721
 0.76 0.5776
 0.35 0.1225
 0.46 0.2116
 0.7 0.49
 0.6 0.36
 0.36 0.1296
 0.87 0.7569
 0.6 0.36
 0.17 0.0289
 0.25 0.0625
 0.67 0.4489
 0.27 0.0729
 0.5 0.25
 0.13 0.0169
 0.89 0.7921
 0.93 0.8649
 0.39 0.1521
 0.13 0.0169
 0.12 0.0144
 0.44 0.1936
 0.2 0.04
 0.6 0.36
 0.76 0.5776
 0.99 0.9801
 0.43 0.1849
 0.28 0.0784
 0.49 0.2401
 0.53 0.2809
 0.27 0.0729
 0.94 0.8836
 0.88 0.7744
 0.15 0.0225
 0.85 0.7225
 0.95 0.9025
 0.57 0.3249
 0.25 0.0625
 0.37 0.1369
 0.36 0.1296
 0.11 0.0121
 0.7 0.49
 0.53 0.2809
 0.66 0.4356
 0.47 0.2209
 0.27 0.0729
 0.9 0.81
 0.45 0.2025
 0.69 0.4761
 0.23 0.0529
 0.96 0.9216
 0.48 0.2304
 0.35 0.1225
 0.83 0.6889
 0.31 0.0961
 0.46 0.2116
 0.22 0.0484
 0.16 0.0256
 0.53 0.2809
 0.18 0.0324
 0.87 0.7569
 0.3 0.09
 0.25 0.0625
 0.25 0.0625
 0.53 0.2809
 0.81 0.6561
 0.54 0.2916
 0.25 0.0625
 0.4 0.16
 0.3 0.09
 0.48 0.2304
 0.16 0.0256
 0.89 0.7921
 0.71 0.5041
 0.76 0.5776
 0.56 0.3136
 0.62 0.3844
 0.36 0.1296
 0.67 0.4489
 0.31 0.0961
 0.9 0.81
 0.96 0.9216
 0.3 0.09
 0.41 0.1681
 0.63 0.3969
 0.76 0.5776
 0.15 0.0225
 0.71 0.5041
 0.82 0.6724
 0.13 0.0169
 0.88 0.7744
 0.95 0.9025
 0.43 0.1849
 0.68 0.4624
 0.4 0.16
 0.95 0.9025
 0.32 0.1024
 0.59 0.3481
 0.93 0.8649
 0.97 0.9409
 0.19 0.0361
 0.25 0.0625
 0.15 0.0225
 0.25 0.0625
 0.19 0.0361
 0.59 0.3481
 0.11 0.0121
 0.38 0.1444
 0.46 0.2116
 0.44 0.1936
 0.5 0.25
 0.8 0.64
 0.68 0.4624
 0.91 0.8281
 0.33 0.1089
 0.15 0.0225
 0.8 0.64
 0.65 0.4225
 0.76 0.5776
 0.38 0.1444
 0.4 0.16
 0.65 0.4225
